# Created by Octave 7.3.0, Sun Mar 22 19:13:13 2026 PDT <mk@debian-t420>
# name: config
# type: scalar struct
# ndims: 2
 1 1
# length: 10
# name: startkhz
# type: scalar
100000


# name: stopkhz
# type: scalar
5900000


# name: step_khz
# type: scalar
100000


# name: mkr
# type: scalar
55


# name: level
# type: scalar
-15


# name: s_open
# type: complex matrix
# rows: 1
# columns: 59
 (-0.58955556546159682,-0.19184534688479768) (-0.42126309585760235,-0.39175282293710856) (-0.17221525510644453,-0.49788532522327211) (0.079654314840466228,-0.51277779690599601) (0.31132851538864226,-0.41194106969249911) (0.48280363508560525,-0.20967013104383192) (0.54121491663727983,0.019447320689718186) (0.50693271632808978,0.2487200838643859) (0.37225185418967965,0.46083004576297937) (0.11938231414070939,0.50808636008468078) (-0.11535054632175798,0.41995717032097929) (-0.30874639616705957,0.35394529191233448) (-0.4084051738292615,0.099811767611156288) (-0.39342774549138698,-0.15345517986859139) (-0.31456950070387968,-0.39836624397926657) (-0.13835747068692095,-0.58412483128337434) (0.12978181904139058,-0.52472953913310694) (0.34184277560959264,-0.48503229949979609) (0.41150400482561628,-0.23984592335959629) (0.46146873549039852,-0.082250296255743205) (0.41782829072352329,0.074891963001136666) (0.20313119516227782,0.23785377326683801) (0.084324323136475865,0.29155811835181633) (-0.10014300168324898,0.31755597748181824) (-0.33954961294862779,0.24173117522871221) (-0.49569784333445077,0.072522069504972628) (-0.56527057637820166,-0.14966812492434925) (-0.53876030944313025,-0.35124032990218018) (-0.37275837375423282,-0.52127958682465814) (-0.16971787828954621,-0.55620742713288684) (0.067901915132334151,-0.4763656586226353) (0.21312872849601958,-0.26642804783531177) (0.24435797665369652,-0.01585007543873581) (0.19308126924385188,0.17871988903172226) (0.087607313004293738,0.31473173675066074) (-0.06992225313279847,0.39560662156467746) (-0.15811181526153159,0.42317557199495487) (-0.27474828867218881,0.38156238255119773) (-0.36980946544287208,0.38413361861553086) (-0.45643415591388398,0.25823583587699023) (-0.4489659584794935,0.05228759900280186) (-0.27645961164368016,-0.16331332146093985) (0.0041259661210252116,-0.2356835435956755) (0.22108537080180482,-0.14517287000098639) (0.38368332390791393,0.024547092345609371) (0.44469175288012791,0.15141803465944323) (0.43034151676000265,0.28331224474084715) (0.37879162502364533,0.35308714425936988) (0.38885695330363734,0.4052307373913176) (0.18489863880624943,0.52951351305372263) (-0.0058298213763385209,0.36441580045656807) (-0.092482594561072856,0.19334693145866541) (-0.1539475062203973,0.021392273672498852) (-0.12558213613279998,-0.14144419871480812) (-0.077491488828986432,-0.24555581929979156) (0.017048868570225306,-0.37490525321810042) (0.1260107416918011,-0.40605941814151419) (0.15371353084211198,-0.38132843006452921) (0.31412127146371172,-0.32126350313248792)


# name: s_short
# type: complex matrix
# rows: 1
# columns: 59
 (0.60518880114450024,0.2839691430382657) (0.43178451886899533,0.4711947087632648) (0.1768857797180276,0.59214198811994556) (-0.060978253016400571,0.60621342388555743) (-0.29455399280407457,0.50091117237512273) (-0.44329465737063822,0.28615038352585082) (-0.48197900078898764,0.050570354293046751) (-0.42228668858250329,-0.19453780481821306) (-0.24917674968959411,-0.37365569826362394) (-0.026271244753320031,-0.44687263469345628) (0.20329588572278845,-0.3824399226248047) (0.39779646274282404,-0.3276311974485358) (0.48613111940160164,-0.13103979253659562) (0.50139901667585085,0.055794818020832804) (0.44864484077195615,0.21983668564403736) (0.32490067280654822,0.38247287713026945) (0.070852764262192572,0.39958757443972465) (-0.15165006196270533,0.46910890799270116) (-0.33629700133606227,0.15259085143019757) (-0.45230945987225135,-0.051502482481295908) (-0.43596802367398946,-0.28173527054520048) (-0.13321727589564239,-0.51680075103502454) (-0.10683395655777637,-0.55350555840277371) (0.036663789983575085,-0.58902870187355583) (0.25978688230677027,-0.47037836755276824) (0.34978684348221412,-0.26244556717361034) (0.32509566170280058,-0.067254074809901601) (0.23321053974704414,0.11584793989339821) (0.094926107057911741,0.24384082952510755) (-0.057421697380545825,0.32266272498883353) (-0.24113421593120885,0.33179612640292) (-0.38896842553328392,0.29400435313610168) (-0.50457134107340607,0.2004291622985834) (-0.55987412069603859,0.056371714179933398) (-0.54858325806136343,-0.11072823218668858) (-0.37393341469389119,-0.28722118320735529) (-0.14226379779256618,-0.32841934586369076) (0.10160978327181375,-0.18629876551707961) (0.22055131142328355,-0.010297016787196399) (0.2365270377377228,0.17989203517382363) (0.20935149761394681,0.3234243370291201) (0.14721071278448328,0.41052663183810728) (0.094794912105187937,0.46833785908246395) (0.098277408935941141,0.55886715712662238) (-0.10867907801669049,0.44416602755479145) (-0.1994809463407283,0.35587668633618347) (-0.26681226293030175,0.16777494311610217) (-0.192300673397725,-0.054494601434363431) (-0.049671387577524762,-0.19749452312629212) (0.13705331845714711,-0.36520450649894587) (0.32730530418490655,-0.31462693302247186) (0.42100056344210368,-0.25532030733973027) (0.50100779585337207,-0.19611238564362998) (0.54786878605585532,-0.079951207619830406) (0.49021174006264268,0.064135798199764851) (0.31632975895363519,0.20978188334292386) (0.10722570275612273,0.19726731189227401) (-0.016160214832592366,0.1150982510899351) (-0.10712464717477735,0.0097504451514626878)


