# Created by Octave 6.2.0, Thu Apr 09 14:53:07 2026 PDT <mk@debian>
# name: config
# type: scalar struct
# ndims: 2
 1 1
# length: 10
# name: startkhz
# type: scalar
100000


# name: stopkhz
# type: scalar
5900000


# name: step_khz
# type: scalar
100000


# name: mkr
# type: scalar
29


# name: level
# type: scalar
-5


# name: s_open
# type: complex matrix
# rows: 1
# columns: 59
 (0.66601292013182345,0.033179083361746485) (-0.63404532070192088,0.0074579012074005042) (0.61561067474398534,0.043955785602490423) (-0.58072417694339717,-0.045763586379625874) (0.59351178206870581,0.11013720556033364) (-0.53173079570688286,-0.084643204824777329) (0.57547984422999077,0.1534912361947974) (-0.46890946439384779,-0.15780570566937008) (0.51575760754357058,0.22842645909081485) (-0.45602352868215384,-0.21312372511402353) (0.46805442422543447,0.24351134719261919) (-0.40060867482254164,-0.3017782886449058) (0.50518481456492259,0.25274419722560193) (-0.33675385687873183,-0.38039462916376204) (0.48575075346691687,0.28731518659814131) (-0.32221401245400233,-0.50939980653033046) (0.4497137350708541,0.30326118755677828) (-0.16340188406826603,-0.59014711206243597) (0.42086540342768414,0.27370851982576327) (-0.28311757206470167,-0.58046335740109267) (0.32872170809188517,0.31193057209737363) (-0.034947895544231472,-0.63796072622972988) (0.24780972468384288,0.32335214160516557) (-0.3564973665891023,-0.70537035666524606) (0.15619045750010294,0.35546061909268928) (-0.22718091671314544,-0.63604594342641529) (0.087951527830697734,0.3661726276158177) (-0.29979701603769421,-0.71798222174281834) (0.0091422283451827058,0.3924703776053185) (-0.29799139624892673,-0.69117934520560242) (-0.054275125379209574,0.42538375362308289) (-0.25760989454236077,-0.66377003533574819) (-0.10919200620495617,0.45786976691894038) (-0.20158846401330663,-0.60034282505123371) (-0.11262984391318863,0.47555753776818432) (-0.063364578746637382,-0.5424229675867529) (-0.14569820579076473,0.49372541480177384) (0.0063744625436228091,-0.40955979375624618) (-0.15588049456060621,0.54295783297564626) (0.15592359246726065,-0.35555776636683323) (-0.1401691511374174,0.55602348722177852) (0.28191551855251951,-0.24827054421941272) (-0.10829272664308617,0.57402202626536725) (0.34810802703243576,-0.21060490393915296) (-0.095960255038634326,0.55667270242880318) (0.45199756343808833,-0.15015007808875958) (-0.11826803375389978,0.5730289627302334) (0.54735738141073376,-0.16394179551125077) (-0.015277782503312751,0.49593865133115705) (0.5782684764689906,-0.31337582031669436) (-0.14560967776392086,0.42138563770232251) (0.50576438530182777,-0.3285622590934052) (-0.088835717737134112,0.28922476756071491) (0.49066944807056301,-0.40940732126834611) (-0.13885733596127373,0.17332397815297082) (0.43806575926323976,-0.47873379797807547) (-0.18244596041639394,0.083331902721238804) (0.28430950662331989,-0.47451484705751074) (-0.1840394574953787,0.012661356309473463)


# name: s_short
# type: complex matrix
# rows: 1
# columns: 59
 (-0.66265292138011034,0.039441379455505202) (0.62825419003047867,-0.0018484974003573607) (-0.61091262070979757,0.016255644401993823) (0.59796788372815213,0.051500990214144185) (-0.56308418568056651,-0.036789929189614483) (0.57831110887966952,0.083098151682874932) (-0.52440541135162555,-0.078539132621218852) (0.55334198549563907,0.13408449399744857) (-0.40625709112854558,-0.1419690203178435) (0.55623454021481711,0.17558957112162865) (-0.39479323984000914,-0.21046447047247446) (0.53730835079567962,0.23259583740074019) (-0.39681483949442592,-0.27977817393504134) (0.50872617495221595,0.25020989264214644) (-0.3839437282119324,-0.41047475030080621) (0.46346679743176894,0.27697121510718892) (-0.34261372084503899,-0.47014702925958068) (0.41156937067761307,0.28777830502402146) (-0.35636870544337418,-0.48793053754446963) (0.3949561573207559,0.27801357796542103) (-0.31513705627508493,-0.59166029617337867) (0.21667183970755075,0.29886488194978489) (-0.31171199638866942,-0.6361855321069857) (0.27103239669028056,0.32442437052254258) (-0.32487837024870125,-0.69249652397273087) (0.12669088077124921,0.30955127670610927) (-0.37316068946211678,-0.68123814672297878) (0.077067496427098522,0.37155882268746987) (-0.36907959756357883,-0.67399538577454443) (0.014952392277979482,0.39824652058988591) (-0.34826557648950557,-0.66235680754585213) (-0.045432359136947625,0.43214567599450876) (-0.30326452912385937,-0.62740675559650971) (-0.062346983304600971,0.44720175966887721) (-0.26034092344311144,-0.58116452803804808) (-0.1277026185071797,0.47443675341270869) (-0.14286344160935413,-0.51757809482215311) (-0.082103854638162541,0.45526448961999044) (-0.010102136475716452,-0.46782173850661152) (-0.090578156129175302,0.53514366768663446) (0.12069047044860247,-0.3723372060582848) (-0.084951912669295832,0.56183181443565045) (0.23795171297622553,-0.29140170792554826) (-0.0166214329398649,0.6490458013710575) (0.35351713310308636,-0.22727983583804764) (-0.0063189081871337198,0.62233085149719114) (0.45565092760339299,-0.22951031525484006) (-0.069999742970744142,0.56070141306776289) (0.45671569333050288,-0.27025782232968987) (-0.070081890175645117,0.65010503426740551) (0.52235710630270471,-0.33700047525984156) (-0.020845794348336767,0.4006558372372761) (0.39469034718939944,-0.3961102467204326) (-0.11916808577682665,0.28969574334259623) (0.33179672930536913,-0.44617953233617685) (-0.16127454507851874,0.17842985157504965) (0.37354739941910242,-0.46851943404621277) (-0.16311903793175989,0.07465350251236659) (0.31260054217246119,-0.44767103067512037)


