# Created by Octave 6.2.0, Tue May 19 18:16:37 2026 PDT <mk@debian>
# name: config
# type: scalar struct
# ndims: 2
 1 1
# length: 12
# name: startkhz
# type: scalar
100000


# name: stopkhz
# type: scalar
5900000


# name: step_khz
# type: scalar
100000


# name: mkr
# type: scalar
44


# name: level
# type: scalar
-5


# name: s_open
# type: complex matrix
# rows: 1
# columns: 59
 (0.658596985053999,0.012192390136212081) (-0.62975780083366484,0.019414489681444189) (0.61341973535342698,0.039124647256358371) (-0.57471795598791553,-0.025167962022479229) (0.58169114871955097,0.10140165566836017) (-0.53099423870363061,-0.086917541437687873) (0.56785637787279952,0.14816684251862311) (-0.46932422596719109,-0.14772129220088462) (0.53206401694751237,0.22655204870006559) (-0.43717597265136904,-0.21661565311754724) (0.46451618309018977,0.23963487436225114) (-0.39327882954211535,-0.31090047355417583) (0.48445630618775243,0.27299318496779817) (-0.332444999608415,-0.39016931540327199) (0.47666418368351815,0.2977581944756571) (-0.30114828471221489,-0.52135929552672911) (0.43174458433238355,0.30661549839353119) (-0.22473602990189961,-0.59062339251417628) (0.39423656736330998,0.29331766638862566) (-0.25029058507639862,-0.59049640716609142) (0.30301747653629846,0.32201489608717887) (-0.054819997389609618,-0.64190436750098456) (0.21637817790687461,0.33819404101693024) (-0.30257041522998707,-0.71295326151511107) (0.12035202215609322,0.36834433748767992) (-0.17520558693177468,-0.63643005439036093) (0.04897120637102504,0.37990427474019728) (-0.24168678202019953,-0.71614190167933034) (-0.032949604149747264,0.40413257735434771) (-0.22527767139027194,-0.68540788969743394) (-0.099096198034089908,0.43504854457326186) (-0.16825948631823762,-0.6505529512799314) (-0.14958137700682159,0.46078929225470833) (-0.10215740529482295,-0.57187282910677484) (-0.15733999117981012,0.48189603017503418) (0.0041294341307431971,-0.49793005979730526) (-0.18136197307016813,0.48511266424033805) (0.1050124955373081,-0.36761394739973818) (-0.19864093718882067,0.51715027519593337) (0.23095167852218243,-0.29318626940778048) (-0.19661200787532873,0.54429268476068116) (0.33894309586114507,-0.16286731271871499) (-0.15947492297539412,0.56254075024445704) (0.41600728757381833,-0.087961612005397802) (-0.15310944722020145,0.54105764847666504) (0.50285526148052007,-0.046206150983055111) (-0.19652872603877891,0.53697356000398766) (0.58556324605414611,-0.08504778626339686) (-0.094688144863206536,0.43399748219648643) (0.63460625252286806,-0.20376516364967537) (-0.20908344916841071,0.32028937620549836) (0.59306875279188298,-0.25521687414553657) (-0.16842421168822722,0.19417975739357135) (0.57569906670925453,-0.34301710734136204) (-0.19823191452551603,0.07680438685518079) (0.53435657688936244,-0.40173252436362383) (-0.20282204260670847,-0.0040122084017116325) (0.40104158241091298,-0.42631412478795444) (-0.20045549981287655,-0.060156905790979334)


# name: s_short
# type: complex matrix
# rows: 1
# columns: 59
 (-0.65546524211932122,0.03106679868290774) (0.62097722188560778,0.012466055111360596) (-0.59663823124245974,-0.0025072799819747236) (0.58973883648656011,0.05141849771913564) (-0.55015843060966196,-0.03615123119129756) (0.5755199485465875,0.1195918258136399) (-0.50627898324374365,-0.10083683442534661) (0.54127180001784014,0.16500881133194825) (-0.40719979831246256,-0.16807879855499816) (0.54031883254345414,0.20589356050955038) (-0.36398297506901051,-0.22551727019172002) (0.53196156029856345,0.26701739862448504) (-0.35133008337886323,-0.32427145478819563) (0.48758936453088253,0.27085161245096689) (-0.33714122432505356,-0.46877092177019175) (0.43471010695968515,0.31648712863547063) (-0.27609272933704521,-0.51726322588321616) (0.36866051160028973,0.32615891283966175) (-0.28320413518040755,-0.51888463065709833) (0.34136169081544115,0.32076748967789404) (-0.2378581296470986,-0.62284393347451139) (0.18005126914120556,0.35077871967544072) (-0.22673515629423302,-0.66221139937098195) (0.20333610644927996,0.36526067378723259) (-0.21278812105225325,-0.72353099283975231) (0.041793569682297277,0.3396530035490079) (-0.24947563812596366,-0.71876554665091397) (-0.007648658265566044,0.40040890751066305) (-0.22154635125419744,-0.69336701921174348) (-0.072057259777803431,0.41890462183130261) (-0.1842888282222038,-0.68041288811857426) (-0.13201795014607662,0.44424657026083986) (-0.12444063374389333,-0.61625173415865198) (-0.14574226767721973,0.45248140874622111) (-0.060363535807260678,-0.55835317069877888) (-0.1807687684681874,0.48855594981204037) (0.054746848421873696,-0.44193261722556171) (-0.15994883479531866,0.47325519151761264) (0.17328624166040937,-0.34571092504202083) (-0.17031740832737896,0.55857338180733096) (0.27400826042592985,-0.23607224101413277) (-0.17274672760767984,0.54808436063287003) (0.35958277148428625,-0.15061806061761904) (-0.12012738853503185,0.61356687898089168) (0.44477767049840988,-0.087916847236967952) (-0.12577054330321852,0.56785672965191369) (0.5387875112424475,-0.087960435006967042) (-0.18249072488099727,0.49997672827717088) (0.56895295812694768,-0.14991674344283867) (-0.18544232556051485,0.54116940318963069) (0.61768004285109135,-0.22292019917822062) (-0.15059869470895015,0.2875213128487169) (0.51629558209307647,-0.32651158407320685) (-0.20026628535121244,0.16239158178251345) (0.4560620470005845,-0.39243111343896864) (-0.20651342765523903,0.049935105860352033) (0.48758432526703943,-0.38683429616991638) (-0.20826510906937643,-0.038682242684544683) (0.42400451758859903,-0.35511063900053247)


