# Created by Octave 6.2.0, Tue May 19 18:23:48 2026 PDT <mk@debian>
# name: config
# type: scalar struct
# ndims: 2
 1 1
# length: 12
# name: startkhz
# type: scalar
400000


# name: stopkhz
# type: scalar
1300000


# name: step_khz
# type: scalar
2500


# name: mkr
# type: scalar
180


# name: level
# type: scalar
-5


# name: s_open
# type: complex matrix
# rows: 1
# columns: 361
 (-0.57531726655079596,-0.021537753051223751) (-0.58272035615841644,0.018152338123562418) (-0.58735870772416621,0.053715278272835745) (-0.59342588192092549,0.10261689468658529) (-0.58899461299928813,0.14923170113731743) (-0.56895758684077447,0.20287864548058615) (-0.55324530784258374,0.24545445501584884) (-0.53639047247169069,0.28731276844982429) (-0.52005023444497789,0.31850987208738218) (-0.48773216795512453,0.36834604178893626) (-0.47055410973070433,0.39889302404665439) (-0.4410018757585788,0.44128875648240096) (-0.41239860505373555,0.47803595898874812) (-0.36279034983071545,0.50662129453966787) (-0.33491965963479814,0.53531779371859411) (-0.29490298510223684,0.56111454951271889) (-0.25730511960569957,0.57779620399365073) (-0.19613307944086772,0.59220251543628211) (-0.15117607516946385,0.60647462583224621) (-0.11860060254686744,0.61065603172515137) (-0.070741302502343298,0.6259959668099857) (-0.025502079342993582,0.63200422272548218) (0.041282455334112469,0.63670993831198341) (0.088912941771773363,0.63397585832725512) (0.12976027798635054,0.62365150732637764) (0.17916629066955606,0.61109575200096844) (0.22313305613305615,0.59612474012474015) (0.26925122128460766,0.58758966673142021) (0.30727580730825721,0.56757336667509917) (0.36039996673596669,0.53566296881496878) (0.39548658541371623,0.50438360773195845) (0.42880317640385707,0.46774815655133295) (0.45704598356774906,0.43232985824571352) (0.48487292736296667,0.40012932574009885) (0.51285002780110966,0.35891942410297056) (0.53712660261665079,0.30626373085877295) (0.55839796520739704,0.26723050115518154) (0.56944981581552756,0.23618900916124475) (0.58998938173853677,0.184319035474623) (0.59286516612166984,0.13336011021764743) (0.5945411616434535,0.082327243913073486) (0.59630074394450872,0.036340838534204931) (0.59098870858219754,-0.0074449258409181127) (0.58140773636391907,-0.047396939407973099) (0.57868359578702944,-0.081189922605620898) (0.56954084855712539,-0.12395952595365843) (0.55071711981501503,-0.16417519568406652) (0.53188048210419692,-0.20752541771712646) (0.51752589700808083,-0.24265549448826287) (0.48411530410874776,-0.2863035615944628) (0.45707626740691004,-0.31949470596668023) (0.42139214399825825,-0.35580997549228727) (0.40261134626337197,-0.37748935110995041) (0.35992162354588725,-0.40576431753055331) (0.32946207582501252,-0.43002173702640467) (0.29680145179669215,-0.44680215518656241) (0.25964843786748448,-0.46748685287449315) (0.21277797634645734,-0.48222583048395723) (0.17535762061548368,-0.49324029986889328) (0.1400509070992815,-0.51025225088854642) (0.10030475424830704,-0.51985906654142899) (0.054472954441423589,-0.51929683843410168) (0.0062578059796023532,-0.52532067408148408) (-0.035602127765649978,-0.51963006290060121) (-0.0765919027813112,-0.50994562805805199) (-0.11602581125842226,-0.50354932826358556) (-0.14740345123290557,-0.49506566971069221) (-0.1833672475495729,-0.48351990098837971) (-0.22018598280191767,-0.46766243056084006) (-0.25822285153778002,-0.45116124541197317) (-0.29361596447691019,-0.42885504136953612) (-0.33345513344988309,-0.40377013655322341) (-0.36517361494339168,-0.36558329638997844) (-0.39759128947366801,-0.33786708818894817) (-0.42293366082800077,-0.30598291153893659) (-0.44885603801613699,-0.27263213901449951) (-0.47227570236752353,-0.23950167655233492) (-0.48653155464340686,-0.20771068496664957) (-0.50964844902914574,-0.16865732392015323) (-0.52221426667908155,-0.12150276285667501) (-0.53073294172211904,-0.07989567384103069) (-0.53987522124677678,-0.045086146213312868) (-0.55038469447433991,-0.00090558761713754974) (-0.55201885534710982,0.042210265688982007) (-0.55031104906094741,0.086504540230292942) (-0.54458522581941571,0.12557426954529866) (-0.52895826909144705,0.18144227834919618) (-0.52112994607051266,0.22082163435286281) (-0.5032797153211469,0.27173159521891116) (-0.48430436153078887,0.30599694291278234) (-0.46113392215139737,0.33238920335489758) (-0.43163617181161568,0.37730662214207605) (-0.40508540856161407,0.41071119116652494) (-0.37951875222534587,0.43989878526481169) (-0.34796728091626328,0.46901190596923809) (-0.3140693083430377,0.50626211055943715) (-0.26933493462089925,0.53067977108123676) (-0.22590976308972038,0.55591613633464199) (-0.19269060126923315,0.57056447634645413) (-0.14171059268860245,0.58721515664237045) (-0.098788611184325012,0.60137684686746395) (-0.0516970588003886,0.60370869673621774) (-0.0057628264912959644,0.61836977286843353) (0.025522797843004034,0.60396933947867459) (0.077658896690792151,0.61628478452670221) (0.12295475127599814,0.60586340107588654) (0.17084858352116838,0.58555297895643132) (0.21711603160520687,0.57358523079905599) (0.25091100482246365,0.54939926445916698) (0.2975752259862367,0.54382523931533022) (0.32694495646219601,0.50924946513253377) (0.37179499275851169,0.47805066368515492) (0.39755534234663481,0.45499749003372764) (0.43869034226898823,0.42996975011633287) (0.45621265860905669,0.39306451829154471) (0.49065023998336083,0.35072196789072174) (0.51168896427706012,0.30902243364919846) (0.53313024077437687,0.26846751501363958) (0.54728694648233756,0.23259785561436588) (0.5594569178088028,0.18298708739854619) (0.56841614944664431,0.14636913239781821) (0.57734008886752364,0.10880413518342852) (0.5838372372158126,0.069003719407936384) (0.57683011751976021,0.023392709864240468) (0.57395900872915928,-0.012792348697059393) (0.5723213336850751,-0.05891559320804822) (0.56225843731806047,-0.10081159825013927) (0.54924377908589084,-0.13615822724649154) (0.52410005469028309,-0.18808080995260745) (0.5105464107291332,-0.21058210651424572) (0.49265211435250433,-0.24758608427837892) (0.47209577501107353,-0.27955797428448442) (0.44062049746676502,-0.31207556304512774) (0.41057203437170314,-0.34856153492638736) (0.380651911274344,-0.3751055912627459) (0.34616421946850939,-0.40057494870476762) (0.31460458740238761,-0.42054397964742823) (0.27419648754055526,-0.44248359711328478) (0.23786983390339092,-0.45895537148618593) (0.20078738912132871,-0.4742695785789281) (0.16845468419188478,-0.4888810834745948) (0.12434369683582197,-0.49384061547692154) (0.088889366015731525,-0.5013082521586002) (0.047848691793886074,-0.50118080633986706) (0.010033731432609482,-0.50211365849066947) (-0.023853333319764001,-0.49959190278126903) (-0.069895080545464158,-0.4935787978109421) (-0.10548375169384877,-0.48256671942955004) (-0.14625183370141698,-0.47678042332306997) (-0.18749727217535228,-0.46652570401397275) (-0.22401171032593326,-0.4521942939739933) (-0.25601763927907012,-0.42574178960337483) (-0.29572856185033319,-0.40007480147960972) (-0.33377044266438188,-0.38147774078094776) (-0.36543659710564802,-0.35638101014942597) (-0.38847368736489862,-0.33483573634500163) (-0.41342233001370676,-0.29855683844216874) (-0.43578994959274198,-0.26703146810597722) (-0.44832979175520615,-0.23166402658115362) (-0.46540461380015413,-0.18878129732121113) (-0.47540677437246687,-0.14344294438234675) (-0.4791053000708449,-0.1096489277872113) (-0.48980013844549375,-0.067092438267727081) (-0.49355288019244764,-0.036198309178575479) (-0.49739671477007519,0.0060974495327914564) (-0.50517058471605392,0.048275158063669985) (-0.50784720640549608,0.10133682768844104) (-0.50024039700333378,0.14137042714781553) (-0.49561984524351388,0.19234301319981795) (-0.48906599685729252,0.24641088519594304) (-0.46998876852075322,0.28496735094814668) (-0.45233051610030384,0.32561276618062795) (-0.4334111833423161,0.36450305744266054) (-0.39509747048519306,0.37999079243497341) (-0.37583124999815021,0.42070077012617207) (-0.336395173453997,0.43835093011563603) (-0.30689377316369909,