# Created by Octave 7.3.0, Mon Apr 27 14:11:46 2026 PDT <mk@debian>
# name: config
# type: scalar struct
# ndims: 2
 1 1
# length: 10
# name: startkhz
# type: scalar
400000


# name: stopkhz
# type: scalar
470000


# name: step_khz
# type: scalar
1400


# name: mkr
# type: scalar
28


# name: level
# type: scalar
-10


# name: s_open
# type: complex matrix
# rows: 1
# columns: 51
 (-0.56955177969933024,-0.032020812557290584) (-0.57874781939220998,-0.020194490356443436) (-0.5811254068156958,0.029335869144900866) (-0.5835039756264041,0.055882525777156987) (-0.58361983489911973,0.075378087093943391) (-0.58859294751644575,0.083198450288002115) (-0.58666884819244103,0.1088926346870208) (-0.57962279167830533,0.16268553346011533) (-0.57419674794387188,0.18793503834870923) (-0.56907860489328477,0.20205622071837584) (-0.56623609593946311,0.21039236258598376) (-0.55849052243146535,0.23264551466991254) (-0.53509919632387293,0.27930481538329538) (-0.52376719740299882,0.30494666872777859) (-0.50983174741081971,0.32547305210902877) (-0.50333604211022087,0.34202895753268392) (-0.48086771328811417,0.36939987611566077) (-0.48340247030834627,0.37649622190873921) (-0.47454634872195811,0.39654922384333113) (-0.45218982596970342,0.4198674325557602) (-0.41578557258398552,0.45002289027926146) (-0.41058768014785396,0.46095239967755258) (-0.39887692560447696,0.47608897811785406) (-0.3723805086347991,0.49719213782770583) (-0.3473904430268045,0.51749560265010974) (-0.31668700732853411,0.54147903143074438) (-0.32068630204549997,0.54014213085702811) (-0.28535201553169942,0.55149405903123727) (-0.26936904858996213,0.56955742495280648) (-0.23136396096909898,0.57972005401208093) (-0.2159613113550401,0.58595673407583471) (-0.17367049254912276,0.59264062171011544) (-0.14918056150467526,0.60194176657925047) (-0.14855443160114989,0.60656775690687037) (-0.12118683983028111,0.61207269692061561) (-0.097149304422667407,0.61940456788415321) (-0.045096804690400519,0.6243871823085333) (-0.026089088770235608,0.62451313087988092) (-0.0075436759044359182,0.62822134169553434) (0.014619805734827849,0.63367144601870828) (0.067161579074317246,0.62972690483209603) (0.063720351770307132,0.63439010138112062) (0.11951300029849389,0.62205889620517407) (0.13585637476339227,0.61960447319220091) (0.16844559028810313,0.6120762121059089) (0.17320971372523825,0.6119023291613489) (0.22311958653781117,0.59178685530812725) (0.24725972739630997,0.58282853396317968) (0.27234692479427436,0.57431673289112062) (0.29385894341646557,0.56849021185304371) (0.31718442004201391,0.55292539089536596)


# name: s_short
# type: complex matrix
# rows: 1
# columns: 51
 (0.58957109073006464,0.031337152539729345) (0.59223380384780666,0.027326884608427943) (0.58836511811962,-0.021071617372491608) (0.58559035529756964,-0.030101422466033048) (0.58205699758392038,-0.067784794055440564) (0.57973622479884435,-0.10046241412322585) (0.57161597966093525,-0.10720030604990782) (0.56471537986159182,-0.12714585564201686) (0.56549583025834471,-0.15065763206782723) (0.54821608728101923,-0.19681547295346039) (0.53640561737361181,-0.21754173881184105) (0.52981268827773009,-0.21829825068183267) (0.50763230805179205,-0.26007299243000254) (0.50571724381978156,-0.26381653184270842) (0.47615448045826886,-0.29990224400682991) (0.47389128274979464,-0.30999290884971814) (0.46244973818183177,-0.32426865209780764) (0.42528405543763265,-0.35538768885004368) (0.42121760928398638,-0.36686219688929761) (0.38963772847745909,-0.39044050567638922) (0.38303730337726349,-0.39251842831511519) (0.37410592031559697,-0.4067188831544376) (0.33762882943155975,-0.43260473157845936) (0.3350158573184262,-0.43576928735540632) (0.29264491131235776,-0.46379040290964918) (0.2708257996826226,-0.4744035349526225) (0.25779873665681274,-0.47200556088179701) (0.24297501971410587,-0.48920190006780701) (0.20584873628081587,-0.50647760694387989) (0.19162494949041442,-0.48657286849548781) (0.1771343068904041,-0.49677038741313162) (0.14864853398198988,-0.49804059524609229) (0.12077171893813841,-0.51287239157052611) (0.08625139778242355,-0.51061385170207718) (0.075473686333781501,-0.50873261909713552) (0.057070082915403282,-0.52022805328428345) (0.025687300917381105,-0.5161470833412074) (-0.00090264994028432528,-0.52196334443835812) (-0.016258585068959743,-0.52197358869841981) (-0.056804220490653444,-0.52498313445675104) (-0.071092902802997265,-0.52344593236816428) (-0.092791615750050183,-0.51704142470268799) (-0.10836925773878711,-0.51222505331042312) (-0.13936843204401442,-0.51398100031104843) (-0.16682605395683059,-0.50388577321350725) (-0.17214363599128427,-0.50345326369119336) (-0.19800555467197248,-0.48663535536809166) (-0.2377542458010401,-0.47570427289936734) (-0.24391880831559989,-0.46819992360997431) (-0.27793733213701421,-0.45875266373694085) (-0.29824766941706138,-0.45041200131661896)


# name: s_load
# type: complex matrix
# rows: 1
# columns: 51
 (-0.018975720467075012,0.036210669744345121) (-0.018659238012284311,0.037183318566129539) (-0.017694561953532598,0.038005247290604824) (-0.017426594361875169,0.039506810625763708) (-0.018141523816606556,0.039837132339270449) (-0.017340490589114629,0.041727254195827956) (-0.01727178403080833,0.04076507871124186) (-0.015915462665659182,0.042205858001792919) (-0.016533722578881235,0.043172341255197373) (-0.015163442651768177,0.044741327259803884) (-0.012900752146469224,0.04660713842890471) (-0.012487044167969487,0.046949368646169339) (-0.01159340462055483,0.047283871297967794) (-0.011231150363760569,0.04796438017529657) (-0.0106648660020495,0.049562388730916014) (-0.011207564753208398,0.049969939261702324) (-0.0089185431629561721,0.051594288246829337) (-0.0095175974954941345,0.050507841526923856) (-0.0097130208952704647,0.051649333860158582) (-0.0072799260309584658,0.053446295082359319) (-0.0054722205568375828,0.05426281398918005) (-0.0058182474589095149,0.053501452737541311) (-0.0035388259491218174,0.055226101109852939) (-0.0023689354064140035,0.055829215642187159) (-0.0027509275013567311,0.05510120917980104) (0.00044722702176770447,0.056409021164573088) (-0.0012745840018944798,0.055728912780220484) (0.0028073781453974746,0.056056394696571851) (0.0014255070936665041,0.056178828133820045) (0.0020737637499552994,0.05803685220086785) (0.0040445639852705424,0.058059280027366204) (0.0034689071934470082,0.058042348888135531) (0.0062786968012896478,0.057974571787742513) (0.0080056210794973211,0.058856251073885972) (0.0064045298213870868,0.058762647104929656) (0.010456795276999224,0.059556324169598662) (0.010414243337927646,0.059145747539550625) (0.012100704099233689,0.059726843429821007) (0.012944583436431784,0.058083376863790913) (0.012839070672667562,0.057319669140007294) (0.017103253311447006,0.057989649590771263) (0.017211625327928862,0.056935417002162016) (0.018387521758942375,0.05647201032608385) (0.018332749968648046,0.055046166919666004) (0.020185859289292046,0.054190111521014189) (0.021315831759323549,0.053405924744646595) (0.022826437743616656,0.05271313334609988) (0.024958355793744166,0.053126701412295203) (0.025620528783366785,0.050884708583580213) (0.02659451159085054,0.051803961596694932) (0.027305801727171401,0.049692993810271563)


