# Created by Octave 6.2.0, Tue May 19 18:20:06 2026 PDT <mk@debian>
# name: config
# type: scalar struct
# ndims: 2
 1 1
# length: 12
# name: startkhz
# type: scalar
880000


# name: stopkhz
# type: scalar
950000


# name: step_khz
# type: scalar
1000


# name: mkr
# type: scalar
36


# name: level
# type: scalar
-5


# name: s_open
# type: complex matrix
# rows: 1
# columns: 71
 (0.37836492701848667,0.49589397239305982) (0.39004742825996297,0.4885561099446209) (0.38700584608188787,0.48325139286485447) (0.40164537007765716,0.479395556797094) (0.39720503369326943,0.46164981732564747) (0.41770338131904927,0.44350853699363912) (0.4078629322634984,0.44291575258257027) (0.41241152581305124,0.42654461211684058) (0.41170025208087924,0.41296289497883587) (0.43642716071534626,0.38289042233125636) (0.46589038163651297,0.36702016275038407) (0.46230450378738924,0.35565843239583883) (0.47105340339537038,0.34931678012276363) (0.46754389011003816,0.341846336284305) (0.46944112076360511,0.31896439521209052) (0.47010974362754254,0.31186991423019239) (0.4785545560725144,0.28978967030240366) (0.47612733843770938,0.28048180330209921) (0.48983691467767898,0.2714775670189683) (0.48289744791919281,0.25399302655191558) (0.53296286000172743,0.22358926297555032) (0.52347665259729059,0.20442827545667372) (0.52676079937064679,0.1930656998228811) (0.53898998479137328,0.18104449225983957) (0.53447890685065913,0.16644712846609963) (0.5405397921858377,0.14826214313819785) (0.54508471694217386,0.12464358155296175) (0.54821613482478093,0.11923523922529844) (0.54598559922253476,0.094808946740682923) (0.55072841199043077,0.074456223264920421) (0.55117772022920342,0.053942760234259243) (0.55426203548613684,0.041707363366458708) (0.5635252902543626,0.022629151978195851) (0.56349221022788476,0.0010477732849541214) (0.56207488551798168,-0.015984476547958575) (0.55973776096508643,-0.033306421195299425) (0.56048350555112147,-0.046460344025979476) (0.55962449006805237,-0.060952804497153817) (0.55742511972766406,-0.071675762805096979) (0.54933581259396136,-0.095517084091617827) (0.54526272077421367,-0.11135464627370766) (0.54273049923423922,-0.11728319560092623) (0.53582322174169705,-0.13981948569761071) (0.53046074440337976,-0.15055472508102746) (0.52440786112134119,-0.16962377743014762) (0.51317951936836403,-0.18791435005588369) (0.51322906025324466,-0.18893121146236741) (0.50042879500614768,-0.2091916967430141) (0.49668371127908706,-0.21722617459611676) (0.48217667697879724,-0.23756979551799592) (0.47164627044837176,-0.25501807600364773) (0.47158298227315071,-0.26214876073081861) (0.46411027900604096,-0.27682436009217165) (0.46588428496194961,-0.32025053367048711) (0.44036307986241885,-0.29612198641189053) (0.43230800726403856,-0.31014789347890037) (0.41666635052211276,-0.33074395136432183) (0.41221033476889501,-0.33981069731303903) (0.40130088589938046,-0.35687099729508004) (0.38751276808430546,-0.37745300284125871) (0.37931759191994363,-0.39062467677999746) (0.36561807770254351,-0.40546890955650167) (0.35343253782592077,-0.42060329875972341) (0.32712165721004222,-0.43827905746136353) (0.31741632296944461,-0.45694898752103874) (0.30623521489341737,-0.45906823544858905) (0.2966802806576605,-0.44193109226096977) (0.27926271466726649,-0.45371138057798455) (0.26856717343288439,-0.46290473198244003) (0.26359387291770958,-0.46803948639564208) (0.25001160946376533,-0.47565388237009504)


# name: s_short
# type: complex matrix
# rows: 1
# columns: 71
 (-0.25787013844574613,-0.43045726665051309) (-0.27532591415361679,-0.41619823759810826) (-0.27412183664090467,-0.41692060694873456) (-0.28721160753222269,-0.4005702157668794) (-0.28703009706817811,-0.3947373765112609) (-0.29773213195870879,-0.3789123315898964) (-0.29307588764848208,-0.37034931023919543) (-0.3034122531740826,-0.35746141324086966) (-0.30427621755968925,-0.33706070532168875) (-0.3517510471228924,-0.32984707141622333) (-0.36286663024917304,-0.3170106972803014) (-0.35955489109920002,-0.31340495663665713) (-0.36763817593301706,-0.29723397880455615) (-0.36495408242538568,-0.28657936557694774) (-0.36656064962939217,-0.27077826625886364) (-0.36714503951930366,-0.25339930816521528) (-0.37232183224128801,-0.24104195045521035) (-0.38074410475516068,-0.22138215968986699) (-0.38108900453509104,-0.20965328079259971) (-0.38169925858798676,-0.18983120619887336) (-0.43565220736328136,-0.17531028380973837) (-0.43728027333426361,-0.16578797143183344) (-0.43193768723131182,-0.15114333755690021) (-0.43710101430663417,-0.12748921482142248) (-0.44138869848929346,-0.11049570915471718) (-0.45669874951028666,-0.10157025930984827) (-0.45499293185533951,-0.074660632232399493) (-0.45725958452089621,-0.061114499527942477) (-0.46763386157998255,-0.051064136768582243) (-0.4736948213549107,-0.028250482843023436) (-0.48466816973222782,-0.014867714320209106) (-0.49406478023990941,0.0078573853305056018) (-0.49932346586231313,0.020791578735444162) (-0.48950023611337912,0.034499884807591405) (-0.49189171985099162,0.052097851777638773) (-0.49440599668543894,0.080858095266720109) (-0.49280842072224057,0.095829993778619754) (-0.4944296265944062,0.10902812642271204) (-0.48897939730063478,0.13004181199766024) (-0.49026450631683427,0.1501878839409258) (-0.4801711342030836,0.16475205472989174) (-0.47667156333120414,0.178081159768706) (-0.47399702697977242,0.18269595496513336) (-0.46441180774649976,0.20681358039988987) (-0.46726655968800151,0.22093802685299913) (-0.45088874251981603,0.23608438501760176) (-0.45331819013620162,0.25346545869654252) (-0.43291696263058504,0.26152007068484612) (-0.4358505985485398,0.28490137046674091) (-0.41425733939484172,0.300447133848745) (-0.40447381161956325,0.31582268534407731) (-0.39413326697226697,0.32981751649364716) (-0.39102970241263052,0.34406013126454593) (-0.38768265075118336,0.36756534266309937) (-0.36777891141956376,0.371259665572028) (-0.34974643642253522,0.38232490009322961) (-0.33856000755449583,0.39477351093804897) (-0.33662844631586819,0.41948899071635704) (-0.31762627861994264,0.42042021836942189) (-0.30431034458590567,0.438159259227071) (-0.29040811336775196,0.45632140694867329) (-0.27237478574433899,0.47199837349244489) (-0.2624415715464824,0.4856726189574887) (-0.24434361683484132,0.49977361878818377) (-0.23008895816650202,0.52074904039454362) (-0.21549385082301264,0.52902031087425827) (-0.20898149392864457,0.51454276848580971) (-0.19594623155936927,0.53197785010779053) (-0.17576673505776233,0.53447079157083799) (-0.1567212464519008,0.54116290888357277) (-0.14353763488807633,0.55085949344510832)


