# Created by Octave 7.3.0, Sun Mar 22 07:37:52 2026 PDT <mk@debian-t420>
# name: config
# type: scalar struct
# ndims: 2
 1 1
# length: 9
# name: startkhz
# type: scalar
350000


# name: stopkhz
# type: scalar
550000


# name: step_khz
# type: scalar
2500


# name: mkr
# type: scalar
36


# name: level
# type: scalar
-15


# name: s_open
# type: complex matrix
# rows: 1
# columns: 81
 (0.027406292727522815,0.63448702701390747) (0.12426128046946536,0.61812360894818108) (0.20520829864464354,0.58989643344766729) (0.28213134171665427,0.55955199503909026) (0.36064592315931127,0.51512097327877415) (0.42953200645508338,0.44602833064371522) (0.48147105157904191,0.38190448204651006) (0.52836911919337215,0.31200219870074286) (0.55814515595440806,0.22544421924223129) (0.5716458443627952,0.14089942318939694) (0.58546711370503746,0.056165404197193604) (0.57925378395646521,-0.04315472911939016) (0.55117556329074358,-0.1143620901682056) (0.52174888619399351,-0.19050200712057638) (0.49222180781308278,-0.26206030856102447) (0.43580829336037913,-0.33102090287660191) (0.37614014077136776,-0.39299932038667745) (0.31146355216509275,-0.43574849794865483) (0.25192425744911934,-0.47886858384095954) (0.1677716496275212,-0.49478079853657436) (0.087552874048973592,-0.51386446517088613) (0.015019221331588409,-0.51906796990021264) (-0.061800524689293868,-0.51345983249817972) (-0.15290777131592173,-0.50648238231545251) (-0.21491837626247315,-0.47247712666622937) (-0.29009897048606875,-0.43993517542316396) (-0.33613234877692827,-0.38396610686357791) (-0.40571906482628295,-0.34321922443403091) (-0.4594694612188599,-0.28283066157546805) (-0.49204675589367425,-0.2114861694775024) (-0.53072605235928105,-0.13971631855100863) (-0.54381463318973577,-0.058163981270780339) (-0.55806862849251038,0.033671518113247617) (-0.55190228070015113,0.10636086736845403) (-0.54162108523482577,0.18830859676949124) (-0.52231680709486172,0.26244630353683424) (-0.47301586449125138,0.33255550423733365) (-0.41451002425127903,0.39972050692828809) (-0.36736950732177942,0.46820017790486129) (-0.31088120596338015,0.51876630890594955) (-0.23915167184934141,0.56338632472659933) (-0.15146072112872322,0.58640515589618536) (-0.054983973502106369,0.60671762126810558) (0.026050241320362225,0.60689015975888561) (0.11233649653757376,0.6014362657091562) (0.19194077042539864,0.57595207829555906) (0.27578199168199707,0.55453737410989157) (0.34660471838148987,0.51091374204304552) (0.41367012301524347,0.45361186022699418) (0.46479843836540941,0.38018711708415148) (0.50089530657594972,0.31059432103816331) (0.54400062357937351,0.22598349463345921) (0.56543346753237755,0.15131831505131207) (0.57861239905858486,0.073520582888228089) (0.57223353662104071,-0.020676560806612936) (0.54792000203980573,-0.092748088017617469) (0.52752192344092086,-0.16325364578326626) (0.48746397410731285,-0.23947453076069614) (0.44229418733683207,-0.30900177440884313) (0.39136363636363636,-0.35318181818181821) (0.32372336265624629,-0.41236510085681077) (0.25838371427742785,-0.45035158999886632) (0.18683352613313703,-0.48228520349142917) (0.11431947322638407,-0.49293866175609469) (0.044905093867204142,-0.50399208336363543) (-0.030935206657376722,-0.50564977659721877) (-0.10797132718057052,-0.48588063296601386) (-0.17961573986125762,-0.47045467944476838) (-0.25071236557391763,-0.43664140602951945) (-0.31817829146442334,-0.39146718497058897) (-0.36288967350942519,-0.34274666754535149) (-0.43006928461674332,-0.27644920655368466) (-0.46240654405334142,-0.21850641451370029) (-0.50176650018435964,-0.14475915932021585) (-0.51718503681696093,-0.073900003877580778) (-0.53567692531568067,0.0021374854823962867) (-0.54003586497307365,0.077471657553058321) (-0.52225297267227588,0.17291148042556154) (-0.48925240684186744,0.23479683926541681) (-0.46380771323773651,0.3098454384191891) (-0.42403334873547471,0.37891842634939216)


# name: s_short
# type: complex matrix
# rows: 1
# columns: 81
 (-0.060271147744220148,-0.52663176565175507) (-0.14114663482253875,-0.51339546221177168) (-0.20571007226072852,-0.47847810057513646) (-0.26711318456006899,-0.44980001782901974) (-0.34109963457156356,-0.40726191828996239) (-0.41128969390697062,-0.35137034695162916) (-0.45657046445234994,-0.29565976774908587) (-0.49397070657519221,-0.22399852107111184) (-0.5277038641197207,-0.15076524914297923) (-0.54965046056243516,-0.074913682669432075) (-0.56827227127201485,0.0032791411647919689) (-0.56401888176603099,0.087435745225769843) (-0.54618396543203618,0.17275872118808366) (-0.53518100948699887,0.25316555165905941) (-0.50059554424623054,0.32704853685606777) (-0.45361019927264806,0.39912962937739216) (-0.38382404911546436,0.47175514333428031) (-0.31514210453348124,0.52906696242894768) (-0.25618109180230675,0.57116055168908908) (-0.16369433972959949,0.60672599982993669) (-0.072587922772856112,0.61451250047663231) (0.0070229368978201503,0.61871862747722306) (0.089354109501400394,0.61539872328930723) (0.173185580025249,0.59945013325852148) (0.25662866539790469,0.56916908408935529) (0.32611828616441452,0.51386548863197445) (0.3899390485453339,0.45656218496348661) (0.45754476317809029,0.40220363871744608) (0.5123735604808205,0.32219171173190619) (0.54333569028293116,0.2478158856550676) (0.56735993639506221,0.16252201361890689) (0.57559039262040257,0.076253817104490057) (0.57338733227583882,-0.0077612054889175724) (0.55862530714998293,-0.079278507200867723) (0.53643427584718328,-0.15748974746384634) (0.49700185725656676,-0.23231626426107724) (0.43483464071699368,-0.28159995807054633) (0.38575539438434558,-0.35138534006967653) (0.33303199472946399,-0.39237753681697274) (0.27539980281942611,-0.44471901768223193) (0.20643066946502539,-0.47389744109151377) (0.11736822050044456,-0.48808840340403908) (0.037090018670369339,-0.5006535265616866) (-0.032559615219901056,-0.49554310861689799) (-0.10765605095541401,-0.49563057324840765) (-0.17700335554864813,-0.46217848777586595) (-0.25256905449706252,-0.45023207504300689) (-0.31979791951111941,-0.40835470249114642) (-0.3756626393424749,-0.357524104236219) (-0.42566431834588297,-0.29644432266665266) (-0.46941042059675325,-0.23109971570529006) (-0.50743082376593818,-0.15429606899105869) (-0.53048606487206318,-0.079520593550841817) (-0.54952815688117651,-0.0058244309122482485) (-0.55040106488446428,0.077226308747166197) (-0.53268993612215765,0.17072565783092464) (-0.50853460391457861,0.23714941898330649) (-0.46972180366208749,0.31864347950646937) (-0.43865968408055522,0.38355686124238941) (-0.37176168199692305,0.45433016291392048) (-0.30859936890581913,0.50538135713676557) (-0.23409865799821794,0.55401293624444559) (-0.15728120257281203,0.58376093083760927) (-0.083032660550458701,0.60552220183486238) (0.0060307151754278613,0.60311615750707392) (0.083160380734273245,0.60088333623007639) (0.17077981651376145,0.57676605504587153) (0.24018079392113192,0.55485829075505477) (0.32313039060605708,0.51133254049810062) (0.38305405002237586,0.45916165282681121) (0.44238759330248523,0.38667512637149937) (0.48704549452869356,0.32114422434115619) (0.5218917159595845,0.25565335522033228) (0.54188091717608633,0.17123121400039723) (0.5572068330383908,0.09608508794105966) (0.55755951625278055,0.01770170393389597) (0.54572560109270862,-0.069514664397054088) (0.5235689116415132,-0.13187762971686914) (0.48648623393959622,-0.19943000166861341) (0.44753094223273771,-0.26718706128298653) (0.39581499665963243,-0.33430451426814134)


