# Created by Octave 6.2.0, Tue May 19 18:19:15 2026 PDT <mk@debian>
# name: config
# type: scalar struct
# ndims: 2
 1 1
# length: 12
# name: startkhz
# type: scalar
400000


# name: stopkhz
# type: scalar
470000


# name: step_khz
# type: scalar
1400


# name: mkr
# type: scalar
28


# name: level
# type: scalar
-10


# name: s_open
# type: complex matrix
# rows: 1
# columns: 51
 (-0.573014853367244,-0.024620144469644341) (-0.5822243836587665,-0.023932282777238068) (-0.58251304001721094,0.0065603229090346257) (-0.5812800356449509,0.036065052035263057) (-0.58819865866762533,0.081887015141408864) (-0.5825402582058693,0.09788492527882571) (-0.58873457393791551,0.10395213872072627) (-0.58512256224526138,0.13092226087416281) (-0.57734760976799171,0.17326903390233941) (-0.56906456954269136,0.18483630667333942) (-0.5549676268631657,0.22904899196612558) (-0.54908630760131794,0.23383497876974318) (-0.54085128622031231,0.27933917890947102) (-0.52860803926984379,0.29829394811336696) (-0.52961185638930353,0.30265766194684834) (-0.5089881484833737,0.33851509567371213) (-0.49473951467892779,0.35237889870073258) (-0.49247783921971822,0.3719787701114291) (-0.47714927591111739,0.39395622054560442) (-0.44282158768527263,0.4231357481109646) (-0.44423186922539282,0.43385488993743954) (-0.42722086226707306,0.45478543238247493) (-0.38526003377557516,0.49464269578086439) (-0.36043151129589546,0.50540533607484162) (-0.34276548372423371,0.52580979817890172) (-0.31992146708204255,0.53969994828339429) (-0.29904947985216329,0.54780606111464947) (-0.27917898953670828,0.56595416976998114) (-0.25253186493148927,0.58132893180746381) (-0.24584199321270403,0.56916352666996406) (-0.20274886176602616,0.58516127653207362) (-0.20228919979055474,0.59006604874195068) (-0.15338299975193043,0.6015447253712185) (-0.15127658855503401,0.60640812536908995) (-0.12600147305289611,0.61150419755785024) (-0.10046885115383222,0.61944525981833021) (-0.066197941491775894,0.62687464312846397) (-0.047667184912770881,0.63191722079912338) (0.0067757483530786356,0.6242723338366627) (0.0061333522571750086,0.63633783112498854) (0.06269571699447371,0.62848796980563149) (0.071351916410507268,0.63406366713399742) (0.083615865616625401,0.63327959914983623) (0.11930859696031296,0.61971471093816333) (0.15487393748125991,0.61858679213784329) (0.17323479622112603,0.60586368628307574) (0.20615870222511307,0.60536331737225846) (0.24132266025175753,0.59197735426473941) (0.25373094885448172,0.57755946120329527) (0.27206051688575533,0.58276980486771346) (0.31740736762533212,0.55279888291932577)


# name: s_short
# type: complex matrix
# rows: 1
# columns: 51
 (0.5920033377372923,0.049233942933963805) (0.59593036100923513,0.04714771773231409) (0.59650018687176665,0.012608139740740005) (0.58966070087763567,-0.03161119385531936) (0.5790948604186219,-0.052490422176540395) (0.58249398152920706,-0.054901491125408562) (0.58137409469849333,-0.077093655692795152) (0.5776109236151965,-0.11922779205498961) (0.56983154864272756,-0.13118136523374446) (0.56104517245596996,-0.15585794744645368) (0.54137629907435014,-0.18465443599355202) (0.52776499488500361,-0.20369272942165781) (0.52662366061666299,-0.23706173919381879) (0.5038859747892237,-0.26528986900282864) (0.49041347653272988,-0.26514702951142588) (0.48813845903767467,-0.28744035255203421) (0.47288175847059122,-0.31671014456956875) (0.44595846363154551,-0.32642966810609392) (0.43899571796721676,-0.35019813626895324) (0.42015632500179534,-0.37014593105220794) (0.38664112733665418,-0.39426031962446817) (0.37699861924572908,-0.39561876742863844) (0.34895119279928394,-0.42737628633854263) (0.3398759953032362,-0.42573884473359974) (0.33075620815566603,-0.43665512731862566) (0.28951737589495968,-0.46223448538331624) (0.28636010198730583,-0.46378391504157762) (0.25757404531350397,-0.46988947689605404) (0.22064799423443235,-0.4895730620684231) (0.20279665678596198,-0.48244686014465127) (0.18858384902141559,-0.48268439608496022) (0.165474891725927,-0.50085342226341156) (0.14724324929831611,-0.51006419343296872) (0.12638990235935926,-0.50739688661871507) (0.082540769932467742,-0.51111704026335059) (0.070104014544154034,-0.51138795338717846) (0.052005984578202324,-0.51630337207964094) (0.0098468951020157618,-0.52216355027106687) (-0.0093438298178077361,-0.52299624290542956) (-0.028844431173484609,-0.521469095252314) (-0.04242745226280694,-0.52263020203887212) (-0.063174094224364236,-0.52115272878338614) (-0.088781549716732841,-0.51588919123879207) (-0.13037267549512621,-0.51405235965775486) (-0.1338841083736409,-0.50583486784323051) (-0.17393996234579878,-0.49986520632235532) (-0.19790796019992862,-0.49435885934780721) (-0.1972817136538943,-0.49909087287478848) (-0.22343578827038132,-0.47747615715212155) (-0.25279298846706844,-0.4825139955336657) (-0.28020548446803439,-0.45857578698848678)


# name: s_load
# type: complex matrix
# rows: 1
# columns: 51
 (0.0042615110019302693,0.028043430684848103) (0.0031266490663835861,0.027572966026640083) (0.0029612374250788552,0.027763036681208664) (0.0032393168602189229,0.027853382330855228) (0.0033301733148593808,0.027613699895476313) (0.0029278164971126967,0.02820203091364977) (0.0029262228088822724,0.027797198101370255) (0.0025045202213087956,0.028067204496826158) (0.0034441168335349794,0.027690292911750149) (0.0035200284324530739,0.028492947655173323) (0.0025487602288808207,0.029349966160093523) (0.00176721003252819,0.028965340785325089) (0.0040046378208265249,0.029086514933632481) (0.0039245077955897762,0.029623851726569728) (0.0030608305328924737,0.029269051135023563) (0.001662230833474588,0.029427856672071009) (0.0020213791904094029,0.029749281224662184) (0.0012419899472860382,0.029942492124966937) (0.0012730854969889383,0.030192679344319559) (0.0019256810840115111,0.030262580923074069) (0.0026403684019715994,0.031617312424310214) (0.002217858858373431,0.031443799303308859) (0.0011415525114155246,0.03082191780821918) (0.0023516893491605773,0.031215973352945597) (0.0028388797467485479,0.031174328085374296) (0.0032213113966383816,0.0322938389536504) (0.0025646793300228899,0.031851699232373028) (0.0026632586006361575,0.03306281680668121) (0.00099726566076799609,0.035027280177247405) (0.0013338903870257139,0.035974021041437203) (0.00057003485982412029,0.035012910404905534) (0.0011846561543234736,0.035638920819945782) (0.0012161617368193153,0.035188060860346711) (-9.4078081103454318e-05,0.035319282117571675) (0.0019354869975310618,0.035506792284445018) (0.0010612263152289404,0.035499536282001184) (0.0019714732674051957,0.036422725823036677) (0.0024757153477169705,0.037074639152269863) (0.0029101851908313143,0.037013774978200284) (0.0018253171488546126,0.036701912671612408) (0.0021984643135541842,0.036774380622785249) (0.0023623665522622792,0.036530106622681587) (0.0033842485070783275,0.036129830829572315) (0.0032538553343665622,0.036278550159535752) (0.0045016301410464284,0.03634081280401695) (0.0052981433705418966,0.03685593192031171) (0.0067769027368394987,0.036832843621663496) (0.0048154111669253844,0.036465381759981493) (0.0057988910070932969,0.035908532277886915) (0.0067802651239941324,0.03664030049213813) (0.0074054140292672049,0.036965175755082742)


