# Created by Octave 6.2.0, Sun May 17 10:30:46 2026 PDT <mk@debian>
# name: config
# type: scalar struct
# ndims: 2
 1 1
# length: 12
# name: startkhz
# type: scalar
400000


# name: stopkhz
# type: scalar
1300000


# name: step_khz
# type: scalar
2500


# name: mkr
# type: scalar
180


# name: level
# type: scalar
-5


# name: s_open
# type: complex matrix
# rows: 1
# columns: 361
 (-0.57492791381400099,-0.018101346378103355) (-0.58277306193752365,0.026055000661790104) (-0.58562078997293299,0.057265716645221718) (-0.5914694984027643,0.10753137135126462) (-0.58999966146450455,0.15264565489691592) (-0.56650317937326489,0.20470140475530088) (-0.55133336003682132,0.24804644735894724) (-0.53425844436881675,0.29126511493152335) (-0.51737193177183616,0.32207998425297435) (-0.49248528175940121,0.36949692740365708) (-0.46904756478337167,0.40451261480958128) (-0.4395842645515779,0.44444741269705135) (-0.40790733730403234,0.47812576906415011) (-0.36003654903503568,0.51572528577728571) (-0.33066915458260981,0.53665150406890316) (-0.29764722037262059,0.56423909692229168) (-0.25108124915852975,0.581135039140386) (-0.19348176373420353,0.59408068749556631) (-0.14718790143581645,0.60826601162718885) (-0.11492889712772943,0.61187908430355276) (-0.064520614097250226,0.62237700707434185) (-0.02130970069231038,0.63369757428113893) (0.044907947262787629,0.635349816816284) (0.090307899998608263,0.62963315194279623) (0.12904567646909559,0.62096196122977809) (0.17944004530315685,0.60898423027824977) (0.21725490196078431,0.59938997821350759) (0.27551155159401691,0.58269465159035971) (0.3093215400896252,0.56417423341738426) (0.36481117029813925,0.52418735856595433) (0.39789613859321737,0.49801307342364354) (0.4331339388379995,0.45744241030477645) (0.46134601166807288,0.42629435230979751) (0.48864994339213702,0.39497293364929842) (0.51482997589727808,0.35425976394563452) (0.53616345604788029,0.29971727830501638) (0.55998787814474393,0.26786749220446349) (0.58331726622355262,0.232429346998833) (0.59070205322283831,0.17961351397813252) (0.58908053505199454,0.14764115961455773) (0.59971449231556417,0.092128202941566789) (0.59302175231264886,0.039072545263646424) (0.58952030033639069,-0.012248020975629546) (0.58365760980900783,-0.045143375259525644) (0.57551248706277969,-0.086035400851836627) (0.56802948377634166,-0.12942793659248258) (0.54086995178012387,-0.17479394242938565) (0.53382891523875386,-0.20821575044851676) (0.51361064539385237,-0.24769966432250076) (0.48297054830589659,-0.28590312874381557) (0.45298661437462701,-0.32385028561684714) (0.42164868226212693,-0.35358915591352519) (0.39428724890397626,-0.3813557006188617) (0.35502227387087748,-0.40911326439822104) (0.32319850545828405,-0.4323431355132476) (0.29134277937546449,-0.4497716371114357) (0.25320533599011619,-0.46805872312640651) (0.20681010437662684,-0.48334740969386764) (0.16875848018848907,-0.49647576507256935) (0.13558248352967603,-0.50803615688816028) (0.091187596226032827,-0.52216254710265042) (0.046817032701997455,-0.52626957790188822) (0.00015140545587283147,-0.52355831538141684) (-0.040297072935139226,-0.5186337892040277) (-0.080801438127003591,-0.51339453731379159) (-0.11793011940362454,-0.5025355531934762) (-0.15831720279985043,-0.48871564669635631) (-0.18856112547010662,-0.48320384442759196) (-0.22317557152550219,-0.46610882997711367) (-0.26193519463780579,-0.44700569404208768) (-0.3004499583312672,-0.42699334100059344) (-0.33777306057095724,-0.39363249858989208) (-0.36900892289048037,-0.36149139827534865) (-0.40011532315194648,-0.33278197883545579) (-0.42529601662471589,-0.30190306323726335) (-0.45077782013539969,-0.26906329073658691) (-0.47231563482765737,-0.23877065648547058) (-0.49067571608506938,-0.20437005959446763) (-0.50111481844217431,-0.16212525142035875) (-0.524050031512589,-0.11669195643073003) (-0.53292465888866913,-0.079592643859996065) (-0.53631015330062826,-0.041343832868050948) (-0.54947143106186147,0.0041554435492910336) (-0.55226728701433447,0.044976043036619458) (-0.54422530901636601,0.095063166953126027) (-0.54553830168108208,0.13282250257262118) (-0.52633994821175989,0.18757195089289641) (-0.51207624966339693,0.22854108148536184) (-0.50156136770021742,0.27595365101689895) (-0.47553602661712507,0.30302821560090937) (-0.45505801661799589,0.34040605972696109) (-0.43333719971131046,0.38502036292401282) (-0.40242618625043386,0.41512823011921263) (-0.38110739667648902,0.44177971749689954) (-0.3463691217290718,0.4722114695652232) (-0.30933436114794255,0.5072148677208419) (-0.26226915377193832,0.53500647522560929) (-0.22110106501905907,0.55680946901737949) (-0.17984022941695055,0.57202937371801699) (-0.12898018659046612,0.58764453191529631) (-0.093174290117154737,0.60242174530809667) (-0.048875029859668635,0.60372903502537456) (-0.010845520606891139,0.61790773038777935) (0.033570071660491932,0.60366622691468508) (0.084054489686794437,0.61024335865071266) (0.12850417370054401,0.60272541891282205) (0.18212086545727946,0.57993751568851593) (0.2191189920507122,0.5659083357266913) (0.25594057433040496,0.54684150055129399) (0.30241532289884154,0.53905556642556862) (0.33221316836998205,0.50594977672942332) (0.36777721737634295,0.48055510104937516) (0.39830757785137993,0.45169885220562633) (0.44222309431065121,0.42440564222172333) (0.46539686879455605,0.37883999641376931) (0.49710005651106443,0.3391123612366026) (0.51441249343706297,0.30263544862126324) (0.53386762453887582,0.26510042708278625) (0.54885311473544296,0.22375006051736984) (0.56039263820141982,0.18166454478929314) (0.56829688429039349,0.13893025092278202) (0.57273478216407792,0.10064970012289776) (0.57917260171323603,0.064130613880427567) (0.57852745861339727,0.019422406013012032) (0.5774907115166239,-0.023629956482369253) (0.57079099312459258,-0.060007894326182538) (0.55867079226333816,-0.10756224820837172) (0.54044257508292426,-0.15277514765135392) (0.5214925406214872,-0.19471211178732614) (0.50999550108999103,-0.2188669838300063) (0.48893764013053326,-0.25346467015276253) (0.46475727396040328,-0.2859497501974117) (0.43813289273340111,-0.31374281701898848) (0.40522156398387404,-0.35269239133292068) (0.37104735347189932,-0.38075010909497903) (0.3392417153489164,-0.40314600419404184) (0.30459304062144499,-0.42668838717345403) (0.27043755851324508,-0.44426367680662648) (0.230225261627862,-0.46035677775785755) (0.19726803991729003,-0.47544784671523244) (0.16559822933749238,-0.48600327985412684) (0.11649492647316877,-0.49409647967972969) (0.08164619260124914,-0.49933944650432027) (0.039686024913785277,-0.50083035510131213) (0.0029323765496516389,-0.49639897749315542) (-0.031768392132893127,-0.49720825768847726) (-0.074329325913140731,-0.50058992765753907) (-0.10964426431973417,-0.48633684355122314) (-0.15681729039969525,-0.47783959303121515) (-0.19465854482630787,-0.46217439758981638) (-0.2333156398079812,-0.44295179600031731) (-0.27006689711134824,-0.41711019813557049) (-0.30466642953014256,-0.39350247641105462) (-0.34154388480409248,-0.37291518151173958) (-0.36982488494889626,-0.34983934907518932) (-0.39263739437714679,-0.32661229979095135) (-0.41735358895953895,-0.29408769528310041) (-0.43543091532701772,-0.26615499773161733) (-0.45877420567513161,-0.22337999372519862) (-0.46472672679211491,-0.17430270332993261) (-0.47303602530337985,-0.13822175236069695) (-0.47432095689010711,-0.10188969183487001) (-0.49047790281377152,-0.058118198938500745) (-0.50760209762839748,-0.025607415356130307) (-0.49868292546809168,0.015179842062672665) (-0.50461327076331197,0.059466463736867703) (-0.5105407030621345,0.10954662049692505) (-0.50898043447661045,0.15750715525735465) (-0.49692465790688561,0.19908252763233222) (-0.48547402327338901,0.2477525619118372) (-0.46899687620336866,0.29508592396549765) (-0.44898877929078868,0.33475039154042702) (-0.42873548703506015,0.37354929085251876) (-0.38800578551392012,0.39169541779164718) (-0.36727083547703043,0.42108289865751186) (-0.33195956796857051,0.4427853760585968) (-0.30040400525229877,