# Created by Octave 7.3.0, Mon Apr 27 14:07:23 2026 PDT <mk@debian>
# name: config
# type: scalar struct
# ndims: 2
 1 1
# length: 10
# name: startkhz
# type: scalar
880000


# name: stopkhz
# type: scalar
950000


# name: step_khz
# type: scalar
1000


# name: mkr
# type: scalar
36


# name: level
# type: scalar
-5


# name: s_open
# type: complex matrix
# rows: 1
# columns: 71
 (0.3739221843003413,0.50673856655290106) (0.39223023770167703,0.49247728101660487) (0.40180736771188807,0.48197948231461207) (0.41065607712808316,0.46391050801706873) (0.41728756247871818,0.4543362156914531) (0.41198682849267959,0.45309876685487327) (0.40822933048667115,0.43175001352232617) (0.41758897468015233,0.42403734101092438) (0.41611439911882103,0.40886805116232766) (0.46941031578579084,0.37187016404297302) (0.46449852234401184,0.36331072462771102) (0.47257688983993495,0.35129568676555623) (0.46861171359914433,0.34642286345425632) (0.4757924359359168,0.32399455024473578) (0.47815914757649058,0.31149889279129506) (0.47593537523274554,0.29966125530057613) (0.47620092760843918,0.29773713007352015) (0.47980443099778469,0.27955226536336247) (0.483624895576032,0.27235514035324893) (0.49476084851135615,0.2418351088756287) (0.51932276729620808,0.21603749946154591) (0.53036103694116499,0.19906518677231125) (0.53108960877126543,0.19514110823225531) (0.53805705915069291,0.16728322771175888) (0.53502793573158725,0.15616605509048631) (0.53963734683536002,0.14323446055049391) (0.54434428007835289,0.1235565076844729) (0.55525815678318824,0.10722070812881196) (0.55623512220700555,0.084287380193897574) (0.56020663790644665,0.076687171384941563) (0.56097432836448202,0.065136158736416913) (0.56235769982874351,0.039031661553056922) (0.56338398067458706,0.017033669110518838) (0.5623189288190813,0.0013879211885352767) (0.56238119378374596,-0.017201930289336847) (0.56880359889867516,-0.032018283936142769) (0.56436006119914373,-0.042906194275660725) (0.56045564877534293,-0.068972837495264297) (0.56114270616583395,-0.074627599128461231) (0.55071720166571059,-0.10755510775717574) (0.55311577113350952,-0.11484831335879699) (0.54796606446678953,-0.12857871202817867) (0.54175064672661211,-0.13393777602990012) (0.52827426458667914,-0.16371901081600834) (0.52923617997239536,-0.16733274188460742) (0.5236456423629493,-0.17889217313022152) (0.51379397525259307,-0.1972748438975761) (0.50381909729482044,-0.20929894197560531) (0.49889384440651119,-0.22160556860504993) (0.49129242895567149,-0.24072262241548492) (0.47419311784697959,-0.26391040521667009) (0.47307090997411044,-0.26602708972391714) (0.46160115297314064,-0.28414831997392809) (0.4478069449509855,-0.31142416600500472) (0.43457173029813068,-0.30694615866537117) (0.42632147419039745,-0.31922852956645881) (0.41098259070054821,-0.33967537488228133) (0.40188960937567358,-0.35777445581108408) (0.39368747180027075,-0.3721167092795909) (0.388129175371766,-0.37281908377841627) (0.37103801265950059,-0.39554685203529111) (0.3575185104869214,-0.41316573632642006) (0.3495180085310633,-0.4264696850846873) (0.32326768160531999,-0.44385199035811923) (0.31112651355187593,-0.46515985715672575) (0.31211853081426549,-0.47076026748014804) (0.28192603742764477,-0.45542088293533023) (0.28133131947371176,-0.4559839839531975) (0.27022130822341828,-0.46537792996249472) (0.25214630428333223,-0.47968614891601635) (0.24452077963475727,-0.48198793576223087)


# name: s_short
# type: complex matrix
# rows: 1
# columns: 71
 (-0.27918865849101199,-0.4140579091997903) (-0.29580802487394497,-0.40414313524519691) (-0.30039637005124981,-0.39684606177966064) (-0.30603882310038522,-0.38488806208140081) (-0.31360080724504519,-0.36956151881254129) (-0.30688102333133616,-0.36803674987663509) (-0.30916008868829176,-0.35326545838637091) (-0.31107882787327751,-0.34111519905637205) (-0.31508818689387619,-0.31801324820364252) (-0.34888994620529129,-0.30510738240921254) (-0.37357689514552261,-0.30608345902463552) (-0.38379547111517581,-0.28069270235014343) (-0.38686515822731815,-0.26583637140515842) (-0.37988297418024247,-0.26284339144144964) (-0.38739439135017223,-0.23936671295460624) (-0.38761280848198132,-0.22593646977914503) (-0.39529836903175358,-0.20435860843618281) (-0.39453990317412352,-0.19016317355831835) (-0.39691212675558746,-0.17613862320140725) (-0.39935959205303462,-0.16619109616119737) (-0.4474229339421813,-0.14740763356218695) (-0.44907153658017362,-0.13609172174135087) (-0.4440426118189183,-0.11620193269047749) (-0.45909508558077999,-0.10319392275698429) (-0.46016801408509311,-0.082185449551031395) (-0.45887121193832181,-0.061466217404649651) (-0.46540328764095423,-0.046598693971943453) (-0.47937793289244635,-0.037219352380520709) (-0.47693908106454308,-0.0078965267236074648) (-0.48913933417743044,0.0046753432686241977) (-0.48666904755363866,0.024303727919562666) (-0.50042822269810261,0.038472447057528184) (-0.49836553277653034,0.063592981007725743) (-0.49982011681575761,0.075159456071761846) (-0.50522564507228507,0.088457168552755885) (-0.49487711768088033,0.10832597911401713) (-0.49940180089415026,0.13074323615221542) (-0.49136902534359123,0.14452867980298867) (-0.48561769064110966,0.16217382083415927) (-0.4813476252966587,0.17852782475437504) (-0.48331838472590677,0.19067246426981641) (-0.48048441532658326,0.21220964860035735) (-0.47100033293430876,0.22199154312473457) (-0.45522241714454165,0.2377707365953089) (-0.44578896418199421,0.25508228460793808) (-0.4433168301639176,0.26102441661863396) (-0.43587523139958445,0.27754505050209261) (-0.42849740698169048,0.29281761080288538) (-0.4110656637922373,0.31084483278304587) (-0.40270168448959642,0.32134743095003176) (-0.39370823473149391,0.34613484102680897) (-0.38451230902627975,0.36787580373131845) (-0.37398821112605246,0.38267975581981922) (-0.3652162905546173,0.39952218866097305) (-0.34109427989425828,0.39810673044034584) (-0.33357446726832851,0.40714669798579672) (-0.32408018411735517,0.42360979903512191) (-0.30106429461548073,0.44553565869716422) (-0.28927911275415896,0.45748613678373384) (-0.283436988280238,0.46638295123749179) (-0.26462210906310746,0.49160839413031171) (-0.24822855007806582,0.49791514566789025) (-0.24045889276170676,0.51875009919050352) (-0.21584514453091019,0.52493078192826814) (-0.20194158738738058,0.54382613254431478) (-0.2000464271753733,0.5559342957633423) (-0.18065732553447228,0.53566977413144035) (-0.1702718068842341,0.5490128429934914) (-0.1445988588285963,0.55715793710890116) (-0.12651019031128252,0.55924402913659566) (-0.11596198727546669,0.57218714679482785)


