# Created by Octave 7.3.0, Mon Apr 27 08:14:14 2026 PDT <mk@debian>
# name: config
# type: scalar struct
# ndims: 2
 1 1
# length: 10
# name: startkhz
# type: scalar
100000


# name: stopkhz
# type: scalar
5900000


# name: step_khz
# type: scalar
100000


# name: mkr
# type: scalar
29


# name: level
# type: scalar
-5


# name: s_open
# type: complex matrix
# rows: 1
# columns: 59
 (0.65909804912004033,0.01240013059253282) (-0.62947700385076955,0.020038027747359067) (0.61173909167788376,0.045143916865949034) (-0.57901452125236497,-0.042991286657770876) (0.60316077519790134,0.085512832996496452) (-0.5298156790382188,-0.081920342266544682) (0.57281882516890092,0.14918359853274568) (-0.46952183399109837,-0.15884167324619286) (0.51522354494360367,0.22764357855441691) (-0.43707495875893776,-0.21852958315143012) (0.46372140121863759,0.24495234596970725) (-0.39494324223505189,-0.30812981471918477) (0.49493930599297525,0.2580098850518292) (-0.33560762453923332,-0.38454781201891247) (0.47678600634455909,0.29507219810310958) (-0.30794316415672329,-0.51711473566142163) (0.43570108122607154,0.3107671525726543) (-0.21513033649008173,-0.58164215247048889) (0.40453766761588933,0.28203061214011088) (-0.26037402405636317,-0.58683361392217481) (0.31218928883820318,0.31690600883554587) (-0.1200269708286692,-0.67100329502252076) (0.22867825976190329,0.33126679891554367) (-0.32871023664504773,-0.71269808757646058) (0.13566031440984738,0.36464020052655716) (-0.1959446027918236,-0.63665971496217899) (0.065455486800117466,0.37545274875169882) (-0.26351641439969792,-0.71514617222439381) (-0.013337693006120645,0.39807886001630466) (-0.25583124359472009,-0.68588301982119648) (-0.077623373599218892,0.43005562523801522) (-0.20904586933032437,-0.65606693869510646) (-0.13219865429144909,0.45676517193061827) (-0.14663627151450434,-0.58464864445526354) (-0.13615876191813897,0.47515605906680547) (-0.042976689181870344,-0.5155968774240951) (-0.16042727564861878,0.48793983050648676) (0.057775694522367423,-0.39461799230749844) (-0.17711134548858587,0.52031812305269187) (0.18941821976308673,-0.33199866129188055) (-0.17903227317438758,0.55407185348259869) (0.31046555720575864,-0.2092942648788568) (-0.12923855592763964,0.56483791647555637) (0.38934089255421755,-0.14063707499831216) (-0.11549460801279796,0.55437620732019677) (0.47674541494640094,-0.10191387262354658) (-0.14772883852362209,0.5557086463190497) (0.56519761907249266,-0.1351149841408113) (-0.036292103132157638,0.47098191651082416) (0.61048778598436437,-0.2683701857125691) (-0.16125380909616946,0.37358591785792011) (0.54269846539266076,-0.30207509518020992) (-0.12438189582042779,0.25517657501588892) (0.52434166616513456,-0.38880022559697619) (-0.1648672621463097,0.13665215546687817) (0.46830496936691635,-0.44938223281143641) (-0.19332387207958035,0.048737465520829491) (0.32031098377348088,-0.47171227873775862) (-0.19412955595458795,-0.014451839457372967)


# name: s_short
# type: complex matrix
# rows: 1
# columns: 59
 (-0.6572732740724907,0.03961814556226996) (0.62396921955657003,-0.0031936650494737572) (-0.60494796242117299,0.013986146427823231) (0.59326611715765831,0.056521349912856858) (-0.55974197484524635,-0.03775585653329383) (0.57672857354334595,0.090357689529894203) (-0.52154135172320082,-0.082667300800027169) (0.55097521704198371,0.14076967364822449) (-0.43478669930279346,-0.15529127243566038) (0.53866463262564024,0.19102575423762794) (-0.39726194059906933,-0.1972936132912966) (0.53344068695897739,0.23894975843805688) (-0.38642361233182293,-0.28628319456723017) (0.5071087569389725,0.24410153569987061) (-0.3695940663730965,-0.42124472057794482) (0.46063638677947016,0.27843790443822608) (-0.32409337578374431,-0.48011807651199212) (0.40062177445180164,0.29432059136333039) (-0.33641305406300243,-0.48790112289524767) (0.3739432142461902,0.28858952760538487) (-0.29719573164047791,-0.5956520495846499) (0.20680191576176771,0.30444026464914759) (-0.29230625921632891,-0.63318643578171518) (0.25516592503853469,0.33089413012834978) (-0.29667149368161483,-0.69423542443169173) (0.10928853224036164,0.31391754357687257) (-0.34609970772801923,-0.68154975743916502) (0.059196033026703079,0.37419114702583084) (-0.33387662802592599,-0.67671679770094417) (-0.0021602452916513293,0.40255563092543806) (-0.31608942745521018,-0.6560456440921214) (-0.064685990301527191,0.43363472364856204) (-0.26184314432983541,-0.62005430846282217) (-0.077305338189619432,0.44622941370523883) (-0.21840267399314259,-0.58089705636767641) (-0.11376950931628371,0.47337562199764405) (-0.099902477914342008,-0.49659403058741586) (-0.096213869041255395,0.47106342210676094) (0.039686069229705356,-0.42685068980566704) (-0.12059766058145714,0.56273988332360547) (0.17055044535182326,-0.34125251442131205) (-0.10448057247094505,0.55260966780514997) (0.27561319757572073,-0.25975813072193366) (-0.011612855433983382,0.64688738051601713) (0.3807152785076085,-0.19508049676133632) (-0.041179583843294683,0.59757489810778153) (0.47987560929290374,-0.19529562575172504) (-0.086008323410837265,0.54995080228644944) (0.47795408411953622,-0.24656029323541762) (-0.097315292946449528,0.63895673037945711) (0.54169173826665318,-0.30622608752296232) (-0.052076344293363865,0.37968945915965097) (0.42280445108125481,-0.38793355368589022) (-0.13708898391072202,0.26138280972643618) (0.35539023199591635,-0.44335399872582582) (-0.17471845890234472,0.14312505351147009) (0.38367064199570644,-0.44194429586124206) (-0.17944619345259885,0.046805047359432812) (0.31263412539664254,-0.42507681513053858)


