# Created by Octave 7.3.0, Sat Mar 21 10:57:03 2026 PDT <mk@debian>
# name: config
# type: scalar struct
# ndims: 2
 1 1
# length: 9
# name: startkhz
# type: scalar
350000


# name: stopkhz
# type: scalar
550000


# name: step_khz
# type: scalar
2500


# name: mkr
# type: scalar
36


# name: level
# type: scalar
-15


# name: ts_open
# type: scalar struct
# ndims: 2
 1 1
# length: 2
# name: points
# type: struct
# ndims: 2
 1 81
# length: 2
# name: f
# type: cell
# rows: 1
# columns: 81
# name: <cell-element>
# type: scalar
350000000



# name: <cell-element>
# type: scalar
352500000



# name: <cell-element>
# type: scalar
355000000



# name: <cell-element>
# type: scalar
357500000



# name: <cell-element>
# type: scalar
360000000



# name: <cell-element>
# type: scalar
362500000



# name: <cell-element>
# type: scalar
365000000



# name: <cell-element>
# type: scalar
367500000



# name: <cell-element>
# type: scalar
370000000



# name: <cell-element>
# type: scalar
372500000



# name: <cell-element>
# type: scalar
375000000



# name: <cell-element>
# type: scalar
377500000



# name: <cell-element>
# type: scalar
380000000



# name: <cell-element>
# type: scalar
382500000



# name: <cell-element>
# type: scalar
385000000



# name: <cell-element>
# type: scalar
387500000



# name: <cell-element>
# type: scalar
390000000



# name: <cell-element>
# type: scalar
392500000



# name: <cell-element>
# type: scalar
395000000



# name: <cell-element>
# type: scalar
397500000



# name: <cell-element>
# type: scalar
400000000



# name: <cell-element>
# type: scalar
402500000



# name: <cell-element>
# type: scalar
405000000



# name: <cell-element>
# type: scalar
407500000



# name: <cell-element>
# type: scalar
410000000



# name: <cell-element>
# type: scalar
412500000



# name: <cell-element>
# type: scalar
415000000



# name: <cell-element>
# type: scalar
417500000



# name: <cell-element>
# type: scalar
420000000



# name: <cell-element>
# type: scalar
422500000



# name: <cell-element>
# type: scalar
425000000



# name: <cell-element>
# type: scalar
427500000



# name: <cell-element>
# type: scalar
430000000



# name: <cell-element>
# type: scalar
432500000



# name: <cell-element>
# type: scalar
435000000



# name: <cell-element>
# type: scalar
437500000



# name: <cell-element>
# type: scalar
440000000



# name: <cell-element>
# type: scalar
442500000



# name: <cell-element>
# type: scalar
445000000



# name: <cell-element>
# type: scalar
447500000



# name: <cell-element>
# type: scalar
450000000



# name: <cell-element>
# type: scalar
452500000



# name: <cell-element>
# type: scalar
455000000



# name: <cell-element>
# type: scalar
457500000



# name: <cell-element>
# type: scalar
460000000



# name: <cell-element>
# type: scalar
462500000



# name: <cell-element>
# type: scalar
465000000



# name: <cell-element>
# type: scalar
467500000



# name: <cell-element>
# type: scalar
470000000



# name: <cell-element>
# type: scalar
472500000



# name: <cell-element>
# type: scalar
475000000



# name: <cell-element>
# type: scalar
477500000



# name: <cell-element>
# type: scalar
480000000



# name: <cell-element>
# type: scalar
482500000



# name: <cell-element>
# type: scalar
485000000



# name: <cell-element>
# type: scalar
487500000



# name: <cell-element>
# type: scalar
490000000



# name: <cell-element>
# type: scalar
492500000



# name: <cell-element>
# type: scalar
495000000



# name: <cell-element>
# type: scalar
497500000



# name: <cell-element>
# type: scalar
500000000



# name: <cell-element>
# type: scalar
502500000



# name: <cell-element>
# type: scalar
505000000



# name: <cell-element>
# type: scalar
507500000



# name: <cell-element>
# type: scalar
510000000



# name: <cell-element>
# type: scalar
512500000



# name: <cell-element>
# type: scalar
515000000



# name: <cell-element>
# type: scalar
517500000



# name: <cell-element>
# type: scalar
520000000



# name: <cell-element>
# type: scalar
522500000



# name: <cell-element>
# type: scalar
525000000



# name: <cell-element>
# type: scalar
527500000



# name: <cell-element>
# type: scalar
530000000



# name: <cell-element>
# type: scalar
532500000



# name: <cell-element>
# type: scalar
535000000



# name: <cell-element>
# type: scalar
537500000



# name: <cell-element>
# type: scalar
540000000



# name: <cell-element>
# type: scalar
542500000



# name: <cell-element>
# type: scalar
545000000



# name: <cell-element>
# type: scalar
547500000



# name: <cell-element>
# type: scalar
550000000





# name: ABCD
# type: cell
# rows: 1
# columns: 81
# name: <cell-element>
# type: complex matrix
# rows: 2
# columns: 2
 (418249114.37978756,-103797876.0788542) (20912455771.19408,-5189893772.4975863)
 (1635017.6924042485,-7924042.4784229165) (81750885.576118469,-396202124.55004829)



# name: <cell-element>
# type: complex matrix
# rows: 2
# columns: 2
 (438012791.08360201,-133391735.61388792) (21900639611.320553,-6669586750.2322865)
 (1239744.1583279592,-7332165.287722243) (61987208.773588896,-366608264.99535424)



# name: <cell-element>
# type: complex matrix
# rows: 2
# columns: 2
 (450355989.52303016,-160180487.42187577) (22517799537.205158,-8009024342.0762386)
 (992880.18953939737,-6796390.2515624845) (49644010.255896904,-339819513.15847522)



# name: <cell-element>
# type: complex matrix
# rows: 2
# columns: 2
 (461343287.75460982,-190265522.7507959) (23067164452.891373,-9513276110.4320221)
 (773134.22490780265,-6194689.5449840818) (38656711.942172542,-309734477.79135966)



# name: <cell-element>
# type: complex matrix
# rows: 2
# columns: 2
 (466696398.47741514,-221548743.24657479) (23334819992.695271,-11077437137.813974)
 (666072.01045169623,-5569025.1350685041) (33303601.146094538,-278451257.24372053)



# name: <cell-element>
# type: complex matrix
# rows: 2
# columns: 2
 (465975921.86647427,-251012661.68476132) (23298796165.022572,-12550633062.741745)
 (680481.54267051455,-4979746.7663047733) (34024077.69954858,-248987338.7451652)



# name: <cell-element>
# type: complex matrix
# rows: 2
# columns: 2
 (464190177.43950152,-279468331.48550421) (23209508946.340931,-13973416555.803028)
 (716196.43120996864,-4410633.3702899162) (35809822.073181435,-220531668.88393947)



# name: <cell-element>
# type: complex matrix
# rows: 2
# columns: 2
 (454154067.4570179,-309329372.38676357) (22707703449.199238,-15466468604.855711)
 (916918.63085964159,-3813412.5522647277) (45845932.016015217,-190670627.90288579)



# name: <cell-element>
# type: complex matrix
# rows: 2
# columns: 2
 (440880128.00449872,-340757700.88880223) (22044006478.388714,-17037885034.427866)
 (1182397.419910026,-3184845.9822239559) (59119871.432225652,-159242299.31144264)



# name: <cell-element>
# type: complex matrix
# rows: 2
# columns: 2
 (425231581.62411958,-361352821.18301761) (21261579159.864418,-18067641052.763004)
 (1495368.3475176082,-2772943.5763396472) (74768417.802711591,-138647178.94473991)



# name: <cell-element>
# type: complex matrix
# rows: 2
# columns: 2
 (404980744.28625929,-384606412.80730033) (20249037293.271679,-19230320638.327579)
 (1900385.0942748135,-2307871.7438539937) (95019255.134566382,-115393587.23344836)



# name: <cell-element>
# type: complex matrix
# rows: 2
# columns: 2
 (378549991.64291859,-407049737.72290784) (18927499660.705902,-20352486888.995369)
 (2429000.1471416284,-1859005.2455418431) (121450007.78588195,-92950262.220092654)



# name: <cell-element>
# type: complex matrix
# rows: 2
# columns: 2
 (355607595.87214547,-418200098.95962924) (17780379870.988049,-20910004954.240715)
 (2887848.0625570905,-1635998.0208074152) (144392403.58023909,-81799900.915185764)



# name: <cell-element>
# type: complex matrix
# rows: 2
# columns: 2
 (329486031.02201706,-431116438.78691602) (16474301627.161104,-21555821949.508839)
 (3410279.3595596584,-1377671.2242616799) (170513968.45677802,-68883561.009823203)



